C_1	C_2	C_3	T_1	T_2	T_3
XM_010054772.3	-1.40693946788593	-1.40693946788593	-1.40693946788593	1.17030806770722	1.22509603609749	1.8254142998531
XM_010034424.3	-1.78617259498284	-1.78617259498284	-1.78617259498284	1.5627679649671	1.8228731356927	1.97287668428872
XM_010064646.3	0.892080350306246	1.14799925299588	0.604775631641001	-0.870581192456316	-0.773890278171803	-1.00038376431501
XM_010064490.3	-1.25802218427436	-1.25802218427436	-1.25802218427436	1.38467938755888	1.142788957135	1.2465982081292
XM_039308157.1	-0.922392054155974	-0.922392054155974	-0.922392054155974	0.52015340194933	1.21150021604158	1.03552254447701
XM_039311446.1	-0.843007378056564	-0.843007378056564	-0.843007378056564	0.460919458424132	1.01735955208156	1.050743123664
XM_010044147.3	-1.34316748688348	-0.677918016794605	-1.02348501143914	1.02254761577381	1.04999314757752	0.972029751765886
XR_001988617.2	-0.757953955563556	-0.757953955563556	-0.757953955563556	0.68936074468962	0.676607556309052	0.907893565691995
XM_010057577.3	-1.66468306311531	-1.66468306311531	-1.66468306311531	1.88843164499992	1.44534602968406	1.66027151466195
XM_010068267.3	-3.152869999369	-1.52199861635642	-0.771586626865214	1.97587705987676	1.61706038530416	1.85351779740971
XM_039298759.1	1.32311735665107	0.873018160750558	1.03297329962829	-1.09057119905976	-0.966614207147771	-1.17192341082239
XM_039309032.1	-0.430126331053366	-1.08089089017027	-1.08089089017027	0.636319408849328	0.933821461351104	1.02176724119347
XM_018859871.2	0.793269500443418	1.05616336806261	0.89970280204534	-0.883959462757486	-0.660411807107965	-1.20476440068591
XM_010025293.3	-1.03652108899135	-1.04448979890695	-1.13905280043993	1.26305612474868	0.954420140564513	1.00258742302502
XM_010061547.3	-0.984789692450221	-0.984789692450221	-0.984789692450221	0.823389391321249	1.22902415373753	0.901955532291887
XM_039315660.1	-1.64673694550899	-1.64673694550899	-1.64673694550899	1.13881360623027	1.98739161201605	1.81400561828065
XM_010030072.3	-1.21832784074182	-1.21832784074182	-1.21832784074182	1.20228929823687	0.834088053409318	1.61860617057927
XM_010050216.3	-1.43796805282766	-1.43796805282766	-1.43796805282766	1.49276928473522	1.42398731131721	1.39714756243056
XM_039317495.1	-1.48886795492407	-0.52844561252631	-0.737072765741202	1.02268535400737	0.872962546323307	0.858738432860908
XM_010068755.3	-1.32761056644167	-1.32761056644167	-1.32761056644167	0.409210751006492	1.42770433760343	2.14591661071509
XM_010041643.3	-1.13055698355097	-1.13580724423817	-2.07691355518461	1.44413718171636	1.63193582192057	1.26720477933682
XM_018859768.2	-1.19524060455052	-1.19524060455052	-1.19524060455052	1.23745161223665	1.42017569271235	0.92809450870256
XM_010057078.3	-1.77635700620612	-1.77635700620612	-1.77635700620612	1.5329647242779	1.91562374439716	1.8804825499433
XM_010032783.3	-1.42961298435814	-1.42961298435814	-1.42961298435814	1.0428747871046	1.72305720129013	1.5229069646797
XM_010064189.3	-1.81371315661018	-1.81371315661018	-1.81371315661018	2.1343269491358	1.31111123306901	1.99570128762572
XM_039299988.1	-0.727210143716635	-1.3714070746964	-1.07919953245758	1.03839417808116	1.01571887488807	1.12370369790139
XR_005547003.1	-0.660777202936436	-0.660777202936436	-0.660777202936436	0.842062555319495	0.74030709856857	0.399961954921243
XM_010059782.3	-1.92913687028322	-1.92913687028322	-1.92913687028322	1.85599514503276	1.97361206031455	1.95780340550236
XM_010035641.3	-1.91729098152888	-1.91729098152888	-1.91729098152888	1.67151358548667	1.87191659381846	2.20844276528151
XM_039315067.1	-1.95720738618702	-1.95720738618702	-1.95720738618702	2.06932712202409	1.92651117035416	1.8757838661828
XM_010059625.3	-1.25363976677315	-1.25363976677315	-1.042004513446	1.20500471260252	1.12985717738221	1.21442215700758
XM_010063935.3	-1.11767772269634	-1.11767772269634	-1.11767772269634	1.32910783944678	0.643607550665279	1.38031777797696
XR_005548112.1	-0.925763719795226	-0.925763719795226	-0.925763719795226	0.577076038460706	1.0535299906505	1.14668513027447
XR_005550606.1	-0.670006158599952	-0.670006158599952	-0.670006158599952	0.548465052143309	0.6559558375719	0.805597586084647
XM_039313146.1	-0.817162439304802	-0.817162439304802	-0.817162439304802	0.167609173080623	1.49317768130735	0.790700463526433
XM_010063082.3	-0.89518677569722	-0.89518677569722	-0.89518677569722	0.34482218903785	1.16347606368134	1.17726207437247
XM_039317123.1	-1.01985186402871	-1.01985186402871	-1.01985186402871	1.04330589463161	0.524633522207377	1.49161617524715
XM_010025577.3	-1.88450312957337	-1.88450312957337	-1.88450312957337	1.7598146487642	1.9139621911317	1.97973254882422
XM_010066931.3	-1.65254371622952	-1.65254371622952	-1.65254371622952	1.68502466903473	1.95117163547367	1.32143484418015
XM_039312241.1	1.14091624426872	0.980738226474678	1.07195266455885	-1.02732727444169	-1.13300573634047	-1.03327412452009
XM_039303286.1	-1.73366891589714	-1.16507938491018	-1.05555787570764	1.41591356743247	1.2967044613713	1.24168814771118
XM_010063521.3	-0.479056572306921	-1.73304583853771	-1.73304583853771	1.45472190850832	1.08580472235773	1.40462161851629
XM_010037984.3	-1.35551349850629	-1.35551349850629	-1.35551349850629	1.83367850745736	1.30326923550654	0.929592752554965
XM_039300765.1	-1.2458142181644	-1.2458142181644	-1.2458142181644	1.29446108600146	0.87917555181426	1.56380601667749
XM_010034922.3	-0.881800412385352	-0.881800412385352	-0.881800412385352	0.870091726018957	0.974986133902729	0.800323377234369
XM_039309060.1	-1.33301693581674	-1.3016217395412	-1.33301693581674	0.906381105749819	1.17566524365381	1.88560926177105
XM_039312715.1	-1.04675432151834	-1.04675432151834	-1.04675432151834	0.509552462706639	1.0575823382964	1.57312816355198
XM_039304913.1	-0.979046819974108	-0.979046819974108	-0.979046819974108	1.00499560612292	1.0452728592213	0.886871994578104
XM_039310632.1	-0.86076224079027	-1.94278351013577	-0.562608198393747	1.28526553774869	1.08613920046024	0.994749211110856
XM_010058455.3	-1.66614613892578	-1.66614613892578	-1.66614613892578	0.986684496662938	2.16339902276589	1.84835489734851
XM_039315077.1	-1.16235058983154	-1.16235058983154	-1.16235058983154	1.45118106308639	0.595099426399754	1.44077128000846
XM_010071226.3	-1.55180671447264	-1.53653995781933	-1.56723675504224	2.25335399417206	1.36767906484187	1.03455036832027
XM_039301807.1	1.68559418380825	2.66386809951832	2.35863540892197	-2.23603256408285	-2.23603256408285	-2.23603256408285
XR_005546565.1	-0.595783833629718	-0.595783833629718	-0.595783833629718	0.744493571136536	0.775496220392936	0.267361709359681
XM_010025010.3	-1.4500887829853	-1.4500887829853	-1.4500887829853	1.24300782740049	1.84431140967879	1.26294711187664
XM_018874040.2	-1.46605797394883	-1.46605797394883	-1.46605797394883	1.75643749335323	1.18883578352449	1.45290064496878
XM_010030975.3	-0.968252405091325	-0.968252405091325	-0.968252405091325	0.976231266057427	0.707111907657821	1.22141404155873
XM_010070880.2	-1.55929836274649	-1.55929836274649	-1.55929836274649	1.41614840289447	1.61909759165034	1.64264909369467
XM_039303980.1	-1.04575672095758	-1.04575672095758	-1.04575672095758	0.53679928205648	1.5139798034754	1.08649107734086
XM_010027027.3	-1.19347110892319	-1.19347110892319	-1.19347110892319	1.05141595020035	1.02313895981925	1.50585841674997
XM_010063366.3	-1.5169164416843	-1.5169164416843	-1.5169164416843	1.50669377349835	1.84793609837691	1.19611945317764
XM_010046972.3	-1.18543750680193	-1.18543750680193	-1.18543750680193	1.22788577409714	1.29353429823102	1.03489244807763
XM_039318009.1	3.31048907072795	2.9994100917334	-1.57747479061534	-1.57747479061534	-1.57747479061534	-1.57747479061534
XM_010057338.3	-1.66006406067183	-1.66006406067183	-1.66006406067183	1.66345012656955	1.69481119831466	1.62193085713129
XM_010056694.3	-1.14863211985282	-1.14863211985282	-1.14863211985282	1.15471027463452	1.47523474199988	0.815951342924049
XM_018864297.2	-0.861863568791166	-0.861863568791166	-0.861863568791166	1.0694412748595	0.558753570187525	0.957395861326471
XM_018864464.2	-1.4243019350922	-1.4243019350922	-1.4243019350922	1.47912203079653	1.7878004365945	1.00598333788558
XM_039303847.1	-0.71047461692935	-0.71047461692935	-0.71047461692935	1.17275517210338	0.536237483602511	0.422431195082157
XM_010040129.3	-1.22118384285281	-1.22118384285281	-1.22118384285281	1.33020912517465	0.909747026973639	1.42359537641014
XM_010051743.3	-2.89098386354393	-2.12163847361766	-1.23102468103434	2.0473437314169	2.01520318810071	2.18110009867832
XM_010071810.3	2.23473852587469	2.14219448280522	1.26279249299514	-1.67206972177634	-1.07154578390444	-2.89610999599427
XM_010051225.3	-1.30081149296839	-1.30081149296839	-1.30081149296839	1.02831210332318	1.47360661113743	1.40051576444455
XM_010058666.3	-1.190707572457	-1.190707572457	-1.190707572457	1.19112951144905	1.16543623776827	1.21555696815368
XM_039307769.1	-1.4154239142918	-1.4154239142918	-1.4154239142918	1.14235375710312	1.17025975367301	1.93365823209929
XM_010050519.3	-1.60490856663103	-1.60490856663103	-1.60490856663103	1.39003314354594	1.74360715060441	1.68108540574275
XM_010034400.3	-2.06451090259746	-2.06451090259746	-2.06451090259746	1.71873619478066	2.19604173775612	2.2787547752556
XM_039301398.1	1.11006404251864	0.142143074902966	0.910800286837695	-0.721002468086433	-0.721002468086433	-0.721002468086433
XM_039309024.1	-1.36658257562022	-1.14095156321512	-0.665804156916266	1.11184683914624	1.12627133933508	0.935220117270289
XM_010064132.3	-1.69173699153988	-1.69173699153988	-1.69173699153988	1.6123359184529	1.63004682662943	1.83282822953732
XM_010026377.3	-1.07399215017836	-1.07399215017836	-1.07399215017836	0.860713049994202	1.50735909699042	0.853904303550461
XM_039307865.1	-1.49729114960017	-1.49729114960017	-1.49729114960017	1.16377433020678	1.57807033321407	1.75002878537965
XM_010025187.3	-0.841915099800036	-0.875467659511063	-1.71139173376544	1.35124809452103	0.86995951340334	1.20756688515217
XM_010063083.3	-2.00525176670195	-2.00525176670195	-2.00525176670195	2.28885429853179	1.92737639032018	1.79952461125388
XR_005545209.1	-1.74961009625108	-1.74961009625108	-1.74961009625108	1.4618694173403	1.96902552002026	1.81793535139267
XM_010027822.3	0.907407825643713	1.24667977556899	1.06184615803878	-1.13723653123926	-1.20412288797539	-0.874574340036825
XM_018872246.2	2.10067042806189	0.544527452133118	1.63754733525652	-1.81081160824231	-1.46833613595087	-1.00359747125834
XM_010034273.3	-0.75206849997106	-0.75206849997106	-0.75206849997106	0.921487924019085	0.634190641162286	0.700526934731809
XM_039300326.1	-1.03649000449294	-0.44940641291058	-1.03719772834372	0.914392994689232	0.827261827191752	0.781439323866262
XM_018876110.2	-0.977700514956187	-0.977700514956187	-0.977700514956187	0.65921406539969	1.34047168804684	0.933415791422032
XM_010046663.3	0.957377532670544	0.940750052717811	1.15002261061294	-1.01605006533377	-1.01605006533377	-1.01605006533377
XM_010039547.3	-1.1959976894432	-1.47125100108965	-0.7864022752326	1.14597282047685	1.16075330218192	1.14692484310668
XM_010034088.3	-1.39810857791816	-1.39810857791816	-1.39810857791816	1.82160206163062	1.0481476519714	1.32457602015245
XM_010049068.3	-0.84248890985438	-0.84248890985438	-0.84248890985438	0.492651296459833	0.753969229704606	1.2808462033987
XM_039316452.1	1.56364964249456	0.847679645040097	1.55444487809592	-1.32192472187686	-1.32192472187686	-1.32192472187686
XM_039315049.1	-1.40123477486661	-1.40123477486661	-1.40123477486661	1.62077786951384	1.25754795914621	1.32537849593978
XM_039307990.1	1.01250578821416	1.04499364096306	1.18447477546295	-1.10068536765644	-0.997933239980152	-1.14335559700359
XM_010055490.3	1.23185355832896	1.11097310635681	1.14567298488805	-0.976644507961462	-1.38051108899347	-1.13134405261888
XR_005551975.1	-0.501715091619478	-0.501715091619478	-0.501715091619478	0.470609949937674	0.438639619913815	0.595895705006944
XM_039303657.1	0.266824259214037	1.24520260904413	0.865566186948987	-0.792531018402385	-0.792531018402385	-0.792531018402385
XM_010025294.3	1.12524402561063	1.18813658285434	1.04332368201754	-1.37600576161767	-0.871007561800541	-1.1096909670643
XR_005547702.1	-1.30179602982903	-1.30179602982903	-1.30179602982903	1.72500402951469	1.29251364315138	0.887870416821021
XM_010053042.3	1.1406515757805	0.939029638975066	1.56695330493436	-1.32387678488856	-1.10826998116631	-1.21448775363506
XM_018872860.2	-1.50931579181922	-1.50931579181922	-1.50931579181922	1.81679006385725	1.32033084305982	1.39082646854059
XM_010039168.3	-1.33307836876945	-1.33307836876945	-1.33307836876945	0.97522425220288	1.56028384199442	1.46372701211104
XM_039311292.1	-1.08196948252172	-1.08196948252172	-1.08196948252172	1.33622046542405	1.19422938251052	0.715458599630593
XM_010052849.3	-1.71436673212406	-1.71436673212406	-1.71436673212406	1.83221909688404	1.6875367394839	1.62334436000423
XM_039311556.1	-1.17361195717538	-1.17361195717538	-1.17361195717538	1.18562806835395	1.70766110425387	0.627546698918319
XM_010059742.3	-0.775090608941433	-0.775090608941433	-0.775090608941433	0.639044924043018	1.17798834367107	0.508238559110208
XM_010038416.3	-1.52619295247317	-1.52619295247317	-1.52619295247317	1.78050675479962	1.44318781246844	1.35488429015145
XM_010058819.3	-1.2779119998709	-1.2779119998709	-1.2779119998709	1.23102366199349	1.27323483746571	1.3294775001535
XM_010040935.3	-1.48487205436048	-1.48487205436048	-1.48487205436048	1.59902207126383	1.50717122181118	1.34842287000644
XM_039312599.1	-1.55716955800646	-0.798928028317836	-2.0747158756888	1.49433207021979	1.53611900668868	1.40036238510462
XM_018876363.2	2.92040908304149	3.08177028924474	-1.50054484307156	-1.50054484307156	-1.50054484307156	-1.50054484307156
XR_005550655.1	-0.879508484765397	-0.879508484765397	-0.879508484765397	0.950341075079293	0.926609311270232	0.761575067946668
XM_039315488.1	-0.852079299790981	-0.852079299790981	-0.852079299790981	1.20796808387896	1.12721441065475	0.221055404839235
XM_039303456.1	-1.40587301660643	-1.40587301660643	-1.40587301660643	1.22009877475447	1.82156002143055	1.17596025363428
XM_010033402.3	-1.24947628558234	-1.24947628558234	-1.24947628558234	1.38279192991717	1.27056873845748	1.09506818837237
XM_039300356.1	0.970232828874482	0.528750019766895	1.07604611708835	-0.785346266593137	-0.932389806483108	-0.857292892653486
XM_039313493.1	-1.13499214396609	-1.15077514120702	-1.15077514120702	1.64208021115547	1.192916927972	0.601545287252653
XM_010058657.3	-1.89531134199398	-0.864622137922841	-0.435879723356684	1.12047165524695	1.09999226334126	0.9753492846853
XM_010035615.3	-1.20002241014075	-1.20002241014075	-1.20002241014075	1.1617459492784	1.16118448009798	1.27713680104589
XM_018875280.2	-1.45480053758455	-1.45480053758455	-1.45480053758455	1.31750743737386	1.64331578788226	1.40357838749752
XM_018872485.2	-2.2734493409923	-2.2734493409923	-2.2734493409923	2.36247913813728	2.47076558547832	1.98710329936129
XR_720543.3	-1.28448426814071	-1.28448426814071	-1.28448426814071	1.44778493136074	1.19215664052881	1.21351123253259
XM_018876216.2	-1.14652369079356	-1.14652369079356	-1.14652369079356	1.41345750336627	1.1001884097383	0.925925159276128
XM_039306388.1	-0.975698156657982	-0.975698156657982	-0.975698156657982	1.21111930269913	0.774050622206514	0.941924545068301
XM_010071580.3	-1.32945550966511	-1.32945550966511	-1.32945550966511	1.70370315711589	0.909025661809648	1.37563771006978
XM_010032050.2	1.2314079022279	1.08101846578338	0.838508089825423	-1.13059400327151	-0.846399959669744	-1.17394049489545
XM_010027004.3	-1.11861539743237	-1.11861539743237	-1.11861539743237	1.58824664403017	1.40594982364483	0.361649724622096
XM_010065379.3	-1.04045414341422	-1.04045414341422	-1.04045414341422	1.17149253895696	0.964586473286309	0.985283417999388
XM_039303793.1	-1.90729364572112	-1.90729364572112	-1.90729364572112	2.28655693131624	1.95981208378154	1.47551192206558
XM_039311314.1	-1.16158433332052	-1.16158433332052	-1.16158433332052	1.83661116983273	0.936700462402898	0.711441367725948
XM_010030781.3	-1.45776895496801	-1.45776895496801	-1.45776895496801	1.53064307075678	1.5279136223027	1.31475017184454
XM_010048690.3	1.07598753261517	1.01364115701969	0.961230976500969	-1.00629296815367	-0.976005811771133	-1.06856088621103
XM_039311763.1	-0.780422703448479	-0.811817899724013	-0.811817899724013	0.97059066520336	0.724235000516196	0.70923283717695
XM_039312023.1	-1.26612509007779	-1.26612509007779	-1.26612509007779	0.585474053157359	1.31955857788702	1.89334263918898
XM_010045406.3	3.1484403784143	2.82444460801055	-1.49322124660621	-1.49322124660621	-1.49322124660621	-1.49322124660621
XR_005549108.1	-0.872929009254417	-0.872929009254417	-0.840122864171176	0.722097174811436	0.723529130304568	1.14035457756401
XM_010054245.3	-1.12009191108467	-2.04152824189097	-1.1392616728079	1.1837466879786	1.59770392135831	1.51943121644663
XM_010061647.3	-1.13988755811458	-1.18812374376743	-1.06379560876523	1.87451608451903	0.265525522275861	1.25176530385235
XM_010030869.3	-1.32611938139544	-1.32611938139544	-1.32611938139544	1.60783087629998	0.579616596271587	1.79091067161475
XM_039302134.1	-1.11738966595737	-1.11738966595737	-1.11738966595737	0.856772501839232	1.03965404418821	1.45574245184466
XM_039305951.1	1.20098995843837	1.94425554096031	2.07029915781483	-2.01185272582024	-2.27380917192131	-0.929882759471949
XM_010061837.3	-1.09356111351905	-1.09356111351905	-1.09356111351905	0.83091887883997	1.23211312060121	1.21765134111598
XM_018862707.2	-1.0528361196266	-1.0528361196266	-1.0528361196266	1.32650758768801	0.39606483151853	1.43593593967326
XM_039303547.1	1.07094331794181	1.32159793931058	1.31298740933236	-0.992634342331133	-1.25082581542255	-1.46206850883107
XM_010041127.3	-1.3339496541704	-1.3339496541704	-1.3339496541704	1.20632564999546	1.50116596108782	1.29435735142792
XM_010062700.3	-1.31164566842924	-1.31164566842924	-1.31164566842924	1.2636666622582	1.37339742104744	1.29787292198207
XM_018872747.2	0.835963960891227	1.11546418901372	1.25442518952512	-1.10048960873072	-1.03461138011952	-1.07075235057982
XM_039318093.1	-1.50907569414065	-1.50907569414065	-1.50907569414065	1.41483410057935	1.51027039466416	1.60212258717842
XM_010064947.3	-1.18849702554419	-1.18849702554419	-1.18849702554419	1.38245157962914	1.13458476395954	1.04845473304389
XR_005548819.1	1.00877393054638	1.1201088443867	1.78658758004736	-0.843876308456283	-1.9712192721476	-1.10037477437656
XM_039310457.1	1.40967737260975	1.00790335617798	0.777084656998454	-1.06488846192873	-1.06488846192873	-1.06488846192873
XM_010054281.3	-1.62068577012395	-1.62068577012395	-1.62068577012395	1.78639500532655	1.69328560093506	1.38237670411025
XR_005552849.1	-0.63969673672078	-0.63969673672078	-0.63969673672078	0.720386559192552	0.961048761241304	0.237654889728483
XM_010062864.3	-1.37737865433955	-0.86277344333476	-1.46236464164984	1.3042731162359	1.17940487072336	1.21883875236489
XM_010039705.3	-1.55841094638286	-1.55841094638286	-1.55841094638286	1.49799917071569	2.07047927264496	1.10675439578792
XM_039300890.1	1.53827634734983	1.06190053893184	1.24093232013647	-1.28036973547271	-1.28036973547271	-1.28036973547271
XM_039301748.1	-0.511479839816888	-0.720621237655479	-0.720621237655479	0.924619274989786	0.56921322752203	0.458889812616031
XM_039307505.1	-1.22874033934212	-1.22874033934212	-1.22874033934212	1.1155200556433	1.98755930550652	0.583141656876547
XM_010059725.3	-1.1192341356152	-1.1192341356152	-1.1192341356152	0.69634129324737	1.45147165292187	1.20988946067636
XM_018863104.2	-1.36091120487142	-1.36091120487142	-1.36091120487142	1.23148603032652	1.51683304507758	1.33441453921016
XM_010063316.3	-1.41502097897759	-1.41502097897759	-1.41502097897759	1.44315899484706	1.45563964770169	1.34626429438403
XM_010062854.3	-1.49129109586991	-1.49129109586991	-1.49129109586991	1.51159141266321	1.49602977005934	1.46625210488719
XM_010046121.3	-1.79330743271003	-1.79330743271003	-1.79330743271003	1.7750895572061	1.94567652199048	1.65915621893352
XM_010026678.3	-1.2205045714101	-1.2205045714101	-1.2205045714101	0.572767083087986	1.53673207573985	1.55201455540245
XM_010037170.3	-1.38103701292252	-1.38103701292252	-1.38103701292252	1.09145075854023	1.64150835164648	1.41015192858084
XR_005547344.1	3.79903411083177	-1.84407168240168	3.57725261877495	-1.84407168240168	-1.84407168240168	-1.84407168240168
XM_010038913.3	-1.35380220074253	-1.35380220074253	-1.35380220074253	1.44839101619929	0.641863208993576	1.97115237703473
XM_039298953.1	-1.10866964704908	-1.10866964704908	-1.10866964704908	0.904256527395187	1.18587758684643	1.23587482690563
XM_010033210.3	-1.99745154122815	-1.99745154122815	-1.99745154122815	2.2440073300465	1.94102245691028	1.80732483672768
XM_039301827.1	-0.572532951317687	-0.572532951317687	-0.572532951317687	0.629100909851963	0.62470340360102	0.463794540500078
XM_039307597.1	-1.06274429697141	-1.06274429697141	-1.06274429697141	1.06950350132703	0.859834159537151	1.25889523005003
XM_010053548.3	-1.36110746013621	-1.36110746013621	-1.36110746013621	1.17693399319745	1.02017591236757	1.88621247484361
XM_010054041.3	-1.45870431309554	-1.45870431309554	-1.45870431309554	1.58218811755136	1.49902459855079	1.29490022318446
XM_010070166.2	1.57378825700215	1.35514224701143	1.25380007905756	-1.02350369458864	-1.47281109595223	-1.68641579253027
XM_010038151.3	-1.09994267454682	-1.09994267454682	-1.09994267454682	0.851272089873897	1.36994330172764	1.07861263203893
XM_039302701.1	-1.38205107197993	-1.38205107197993	-1.38205107197993	1.15599038135374	1.53709829130775	1.45306454327829
XM_010044956.3	-1.36716076200796	-1.10307640092783	-1.3783556218167	1.32100307539168	1.27119257982201	1.25639712953881
XM_039303265.1	-1.03605394748481	-1.03605394748481	-1.03605394748481	1.30308343743478	0.802696170848333	1.0023822341713
XM_039313166.1	-1.1841315154224	-1.1841315154224	-1.1841315154224	1.43363713038199	1.49100693508896	0.627750480796263
XR_005553193.1	-1.26878131864435	-1.26878131864435	-1.26878131864435	1.00562945067349	1.23074570557075	1.56996879968879
XM_039301592.1	-0.455923588779217	-0.455923588779217	-0.455923588779217	0.456343039287233	0.401659366604931	0.509768360445487
XM_010065097.3	-0.909227353238381	-1.92125473129295	-3.8099492808025	2.2665884371105	2.24875684570393	2.1250860825194
XM_010035368.3	-1.49440588234305	-1.49440588234305	-1.49440588234305	1.83801563179276	1.15428963724019	1.4909123779962
XM_039309044.1	-0.853750960943679	-0.853750960943679	-0.853750960943679	0.237779632176938	1.18011249092261	1.14336075973149
XM_039313321.1	-0.676554066818712	-0.676554066818712	-0.676554066818712	0.563454897916358	0.767582889768879	0.6986244127709
XM_010071456.3	-2.29148193413346	-2.29148193413346	-2.29148193413346	2.20625815447563	2.04615780632732	2.62202984159744
XM_010046364.3	0.796822565273923	0.778027033582577	0.785870667114152	-0.993429222641852	-0.62803972660667	-0.73925131672213
XM_039307542.1	-1.04583924727094	-1.04583924727094	-1.04583924727094	1.31845302286443	0.890374653735465	0.928690065212938
XM_039303451.1	-1.32187666979835	2.75818401039845	2.52932266879495	-1.32187666979835	-1.32187666979835	-1.32187666979835
XM_010051652.3	1.07719546664004	0.998598376787006	0.923147615256662	-0.958967316787867	-1.01871233239911	-1.02126180949672
XM_010057395.3	1.29131143553052	1.1074769286092	1.35394472213151	-1.1766989815702	-1.25218267292705	-1.32385143177398
XM_010034217.3	-1.30935072809577	-1.30935072809577	-1.30935072809577	1.70321794540729	0.32941821632118	1.89541602255884
XM_010065243.2	-1.57318599136194	-1.57318599136194	-1.57318599136194	1.47557332055792	1.62782047469416	1.61616417883373
XM_010044064.3	-1.39695467785777	-1.39695467785777	-1.39695467785777	0.872078468597466	1.76154393244674	1.5572416325291
XM_010033886.3	-1.5883268346119	-1.5883268346119	-1.5883268346119	2.19586302957181	1.65944880820247	0.909668666061401
XM_039318088.1	-1.5560760115552	-1.5560760115552	-1.5560760115552	1.86898039954939	1.62088498053424	1.17836265458197
XM_010027311.3	-1.49055305151154	-1.49055305151154	-1.49055305151154	1.91761531919657	1.04947421774597	1.50456961759209
XM_010035737.3	1.557940690672	0.996414238866109	1.05249305308807	-0.760804980387495	-1.1662929894059	-1.67975001283279
XM_010065109.3	-1.74694427695413	-2.22154523529659	-1.66815397149557	1.84271096366563	1.92746085421469	1.86647166586596
XM_018872367.2	-1.64511369932991	-1.64511369932991	-1.64511369932991	1.48499347932892	1.28429858857134	2.16604903008947
XM_018866143.2	1.51984214565097	0.788781052319191	1.19698228075723	-1.03592696727805	-1.15450671417343	-1.31517179727591
XM_018865589.2	-1.50417735335071	-1.50417735335071	-1.50417735335071	1.4972646208232	1.29262802752977	1.72263941169916
XM_010048999.3	-1.29368924729591	-1.29368924729591	-1.29368924729591	1.11719452989967	1.56647900556573	1.19739420642234
XM_039306552.1	-1.3300182508603	-1.3300182508603	-1.3300182508603	1.42337234680569	1.65730261506895	0.909379790706255
XM_039300957.1	1.24279710224954	1.5320028759358	2.41378383973749	-1.72952793930761	-1.72952793930761	-1.72952793930761
XM_018877231.2	0.997814054206568	0.792124066780652	1.67660722957572	-1.15032358263855	-1.15765157320459	-1.1585701947198
XM_039310430.1	-1.48352663475912	-1.48352663475912	-1.48352663475912	1.48861456544182	1.32979282016308	1.63217251867246
XM_010054910.3	1.0667038219431	0.991483011505091	1.01038058694596	-0.883989807671389	-1.12374338966927	-1.06083422305349
XM_039306361.1	0.599572177980984	0.921732385336209	0.621457791911048	-0.714254118409414	-0.714254118409414	-0.714254118409414
XM_039304083.1	-1.32964083629422	-0.985948767115206	-1.32964083629422	0.433770738175782	1.68810295020878	1.52335675131909
XR_005550993.1	-1.36482926516874	-1.36482926516874	-1.36482926516874	1.9196848680755	1.34996574594942	0.824837181481307
XM_010046731.3	-1.4688900095044	-1.48515922023391	-1.48451458436935	1.5017550436956	1.4546241818209	1.48218458859116
XM_010063216.3	-1.41649626916349	-1.41649626916349	-1.41649626916349	1.35390994713535	2.01899898277095	0.876579877584178
XM_039314786.1	-1.39584233905029	-1.39584233905029	-1.39584233905029	0.66108794933238	1.41562869147954	2.11081037633895
XM_039305716.1	2.54763258338551	2.40750879040496	1.63169786451463	-2.19561307943503	-2.19561307943503	-2.19561307943503
XM_039298768.1	-0.628459911136535	-0.628459911136535	-0.628459911136535	0.706680295177678	0.141311828112913	1.03738761011902
XM_010035577.3	-1.0683409916099	-1.0683409916099	-1.0683409916099	1.51325128722611	0.598869920870971	1.09290176673261
XM_010058037.3	-2.3333152445062	-2.3333152445062	-1.44813137818585	2.10763695352343	2.06722268507753	1.93990222859729
XM_010026834.3	0.87515504756618	1.21741299833014	1.12292799482128	-1.09592530951826	-0.898931439142457	-1.22063929205689
XM_039315105.1	0.439129564453661	2.21880603486431	1.28035212253397	-1.31276257395065	-1.31276257395065	-1.31276257395065
XM_010068712.3	-1.07306895701598	-1.07306895701598	-1.07306895701598	0.971325162342471	0.963961773928984	1.28391993477649
XR_005550807.1	-0.862006879190136	-0.862006879190136	-0.862006879190136	0.931264775307947	1.09776327602133	0.55699258624113
XM_039318336.1	-1.41368629454056	-1.41368629454056	-1.41368629454056	1.49147202744672	1.6008475387549	1.14873931742006
XR_005553040.1	-1.17055208954266	-1.17055208954266	-1.17055208954266	1.2476378584031	0.957411288580917	1.30660712164398
XM_010034513.2	-0.870013349617384	-0.870013349617384	-0.870013349617384	0.98517905834177	0.793103517748719	0.831757472761661
XM_010026338.3	-1.70843394342057	-1.51499520910539	-1.71907808091594	1.68431993743348	1.58299480277317	1.67519249323524
XM_018871942.2	-1.25638379272407	-1.25638379272407	-1.25638379272407	1.34031286796316	1.28140924131653	1.14742926889252
XM_010026006.3	-1.23245414764041	-1.23245414764041	-1.23245414764041	1.22382633387031	1.3338739384925	1.13966217055843
XM_039316689.1	-1.63650844184521	-1.63650844184521	-1.63650844184521	1.50246981147467	1.32789019035797	2.07916532370298
XM_010066433.3	-0.809565809049018	-0.809565809049018	-0.809565809049018	0.856281712206533	0.672249764568846	0.900165950371674
XM_039310316.1	-0.721618418609451	-0.721618418609451	-0.721618418609451	0.60836623114897	0.912974849836305	0.643514174843079
XM_010049187.3	-1.41338054872251	-1.41338054872251	-1.41338054872251	1.03578460808967	1.69363770115961	1.51071933691824
XM_039307297.1	1.46799134996279	1.48671185677007	1.70362933866247	-1.55277751513178	-1.55277751513178	-1.55277751513178
XM_039318229.1	-0.678838493099266	-0.678838493099266	-0.678838493099266	0.681244802814065	0.567873607432595	0.787397069051138
XR_005546222.1	1.90453035468662	1.87971916227188	2.30795361981975	-1.96722917359648	-1.58152723381707	-2.5434467293647
XM_010039219.3	-1.24778833391203	-1.24778833391203	-1.24778833391203	2.12739014567758	0.318783306714731	1.29719154934377
XM_039306395.1	-1.0712236954964	-1.0712236954964	-1.0712236954964	0.776773211058553	1.09452748851786	1.34237038691278
XM_010038974.3	-1.6609979710117	-1.6609979710117	-1.6609979710117	1.27973258917316	1.86894787877155	1.83431344509039
XM_010027297.3	-1.53105748689579	-1.53105748689579	-1.53105748689579	1.34118028674667	1.66302956522051	1.58896260872021
XM_039307797.1	1.16182521455384	1.22511161777011	0.815899587130718	-1.0043842431729	-0.868644681977573	-1.32980749430419
XR_005546010.1	-1.34404482403496	-1.34404482403496	-1.34404482403496	1.38431109537939	1.40570395482954	1.24211942189595
XM_010068537.3	-1.39655324264983	-1.39655324264983	-1.39655324264983	1.34739250923171	1.44763151986424	1.39463569885353
XM_010057479.3	1.15826293089258	0.767462899268216	1.38109783795135	-1.30644008192745	-0.943342038385657	-1.05704154779904
XM_010055186.3	-1.68116497877802	-1.68116497877802	-1.68116497877802	1.180393440794	2.33809213990306	1.52500935563701
XM_010031504.3	-1.46665153709179	-1.46665153709179	-1.46665153709179	2.16013800928402	0.687477963698391	1.55233863829296
XM_039308797.1	-2.3216545562942	-1.04211926623749	-1.03473658893689	1.41966548658042	1.47523453489272	1.50361038999544
XM_010048592.3	-1.77856326580224	-1.77856326580224	-1.77856326580224	1.84506952530428	2.1344697341499	1.35615053795255
XM_010045215.3	-1.16718505362693	-1.16718505362693	-1.16718505362693	0.973593602155871	1.27668677477084	1.25127478395407
XM_039303868.1	0.769054212823269	2.06743609591898	0.751206211490344	-1.19589884007753	-1.19589884007753	-1.19589884007753
XM_039311013.1	-1.20147875099937	-1.20147875099937	-1.20147875099937	0.685266473742737	1.08273923217899	1.83643054707639
XM_039305424.1	0.99531429444293	0.113717335704016	0.813181534813492	-0.657745722661635	-0.657745722661635	-0.606721719637168
XM_010063884.3	-2.29452829694675	-2.29452829694675	-2.29452829694675	2.45795270750963	1.95324734586762	2.47238483746299
XM_039309036.1	-1.58452248478012	-1.58452248478012	-1.58452248478012	2.01277030625768	1.25785300342617	1.48294414465651
XM_010043381.3	0.758261148380395	1.52579737459869	1.3504046307012	-0.83675637759555	-1.53144004633743	-1.2662667297473
XM_010061734.3	1.19440442249053	1.13258768241953	0.999152489175462	-1.14344564649718	-1.10039864229158	-1.08230030529676
XM_010046145.3	-1.16049536843035	-1.16049536843035	-1.16049536843035	1.13493379827361	1.56218922964026	0.784363077377187
XR_005551976.1	0.825586484531463	0.126182813142895	0.104268036714454	-0.352012444796271	-0.352012444796271	-0.352012444796271
XM_039308969.1	-0.823545140155617	-0.823545140155617	-0.823545140155617	1.02805400307953	0.911110293323388	0.531471124063933
XM_010058478.3	-0.708761562199581	-0.708761562199581	-0.708761562199581	0.666416917390031	1.01806965483291	0.4417981143758
XM_010037548.3	-1.5657755691066	-1.5657755691066	-1.5657755691066	1.65393507044218	1.3258380379326	1.71755359894504
XM_039301817.1	-1.52240353324608	-1.55379872952161	-1.55379872952161	1.82873019491987	1.28313528179948	1.51813551556995
XM_039312498.1	-1.31722359187395	-1.31722359187395	-1.31722359187395	1.22528210960432	1.73501838930719	0.99137027671033
XR_005550545.1	1.07512039600349	1.21346213823423	0.978232098177337	-1.11638322817759	-1.09777955271447	-1.052651851523
XM_010035058.3	-1.13526329882705	-1.12031295736108	-0.894255199323257	1.33308304461799	0.985877723192418	0.830870687700979
XM_010070517.3	-1.4386546858873	-1.4386546858873	-1.4386546858873	1.21210987322961	1.70375875198644	1.40009543244584
XR_005551246.1	-1.4888537231562	-1.4888537231562	-0.951806203751543	1.58753434535664	1.09249752401258	1.24948178069473
XM_010036908.3	-1.44888697842776	-1.44888697842776	-1.44888697842776	1.57312566595269	0.722640127611051	2.05089514171955
XM_010034734.3	-1.77781986543389	-1.77781986543389	-1.77781986543389	1.34352715144455	1.96019130366183	2.02974114119529
XM_010063274.3	1.18152648801723	1.20287072276843	1.6567372817749	-1.34704483085352	-1.34704483085352	-1.34704483085352
XM_039301806.1	-1.63007800193393	-1.63007800193393	-1.63007800193393	1.94475012165352	2.2084704395916	0.73701344455666
XM_010065211.3	-2.07348371395464	-3.24404977074671	-1.003735441413	2.11747297279291	2.08176835157402	2.12202760174743
XM_039298763.1	-0.615957584867196	-0.567721399214348	-0.615957584867196	0.788400609966116	0.488379074947539	0.522856884035086
XM_039301551.1	1.23896066762909	0.907356107769889	0.914166639886782	-1.02016113842859	-1.02016113842859	-1.02016113842859
XM_010050000.3	-1.5495581603174	-1.5495581603174	-1.5495581603174	1.67987594878262	1.45709892158404	1.51169961058554
XM_039316753.1	-1.17242127261508	-1.17242127261508	-1.17242127261508	1.10198949670276	1.38951578700736	1.02575853413511
XM_010042860.3	0.779526267481396	0.55109391037519	1.1255799278551	-0.89811688086721	-0.828925669042541	-0.729157555801932
XM_010069251.3	-1.20398356061105	-1.20398356061105	-1.20398356061105	0.793128160064124	1.23537361786321	1.58344890390582
XM_010071333.3	0.920531390717545	1.41921371754086	0.68561680525082	-0.600462555993743	-1.45567126250861	-0.969228095006875
XM_010039733.3	-1.19390413507716	-1.19390413507716	-1.19390413507716	0.841367854895535	1.28739480647041	1.45294974386553
XM_010064473.3	-1.51870159438216	-1.51870159438216	-1.51870159438216	1.73377461975306	1.43568085819462	1.3866493051988
XM_018876963.2	-0.553693767393231	-1.82152915949085	-1.82152915949085	1.34919711664071	1.49244221156817	1.35511275816605
XM_010050829.3	-1.6031248630931	-1.6031248630931	-1.6031248630931	1.30895010837515	1.39867737954089	2.10174710136326
XM_039312642.1	-0.937861364873449	-0.937861364873449	-0.937861364873449	1.2684692829976	0.561920755273863	0.983194056348883
XM_039307653.1	-1.55637507185644	-1.55637507185644	-1.55637507185644	1.9168923240732	1.47713603050488	1.27509686099125
XM_010046253.3	-1.18230358591242	-1.18230358591242	-1.18230358591242	1.04605336828862	1.13818109210527	1.36267629734338
XM_039304118.1	1.74411392226142	2.03681447020816	0.527650900654461	-1.43619309770801	-1.43619309770801	-1.43619309770801
XM_039313125.1	-0.912289207608367	-0.912289207608367	-0.912289207608367	1.07830266497922	0.826262478911866	0.832302478934017
XM_010039990.3	-1.16369209047683	-1.16369209047683	-1.16369209047683	1.74492870127057	0.289957175566457	1.45619039459348
XM_010062729.3	-1.33812214941367	-1.33812214941367	-1.33812214941367	1.57222676596726	1.26879379241154	1.1733458898622
XR_005553195.1	-0.527166081113832	-0.527166081113832	-0.527166081113832	0.691305129629429	0.24935907030808	0.640834043403988
XM_010054050.3	-1.2944410611174	-1.00539013804827	-1.55611575030118	1.4088047617998	1.24117971891307	1.20596246875396
XM_010064274.3	-1.32791747711893	-1.32791747711893	-1.32791747711893	1.57550648876981	1.65448293104959	0.753763011537402
XM_010058842.3	-0.973831399060269	-0.973831399060269	-0.973831399060269	1.28980400450806	1.07545084950793	0.556239343164814
XM_010028529.2	-0.495380074906981	-2.0070935935975	-2.00139123423332	1.31460593743627	1.5700869238404	1.61917204146113
XM_010071349.3	-1.2804733214229	-1.2804733214229	-1.2804733214229	0.471418816981408	1.74685769359419	1.62314345369311
XM_010063819.3	-1.19848302850988	-1.19848302850988	-1.19848302850988	1.13551308968658	1.16272386172885	1.29721213411419
XM_010064941.3	-1.58690419683437	-1.58690419683437	-1.58690419683437	1.46028516687808	1.93966546366341	1.36076195996164
XM_010038439.3	1.27024791667981	1.2531282402802	1.09816706450625	-0.675009118725755	-1.47326705137025	-1.47326705137025
XM_010049964.3	-1.6622142104071	-1.6622142104071	-1.6622142104071	1.61695989808195	1.22433593691725	2.14534679622209
XM_010070751.3	-1.21826143022163	-1.21826143022163	-1.21826143022163	1.24248113356801	0.989943659282816	1.42235949781407
XM_039304029.1	-1.00054392945181	-1.00054392945181	-1.00054392945181	0.970677712402696	0.841831558754481	1.18912251719824
XM_010029383.3	-0.755666159155631	-0.755666159155631	-0.755666159155631	0.599350105063919	0.823996737860377	0.843651634542596
XM_010050268.3	-1.12304435473308	-1.12304435473308	-1.12304435473308	1.47365230595414	0.99597974840919	0.899501009835917
XM_010026182.2	-1.30125880611819	-1.30125880611819	-1.30125880611819	1.43296306010259	1.75878857755175	0.712024780700233
XM_010049868.3	-1.53963246528183	-1.53963246528183	-1.53963246528183	1.88663228942027	1.88757141302122	0.84469369340401
XM_039303761.1	-1.14027107324972	-1.14027107324972	-1.14027107324972	1.53079579871472	1.21840649806551	0.671610922968944
XM_010030710.3	-1.27401217567033	-1.27401217567033	-1.27401217567033	1.73210628571305	0.347981055995791	1.74194918530216
XM_018865051.2	-1.05521727057936	-1.05521727057936	-1.05521727057936	1.31912671845914	0.907886884156191	0.938638209122741
XM_010061704.3	-1.35667333948329	-1.35667333948329	-1.35667333948329	1.03729193617696	1.73840715241813	1.29432092985477
XR_005547010.1	-1.49621216039322	-1.49621216039322	-1.49621216039322	1.36017601642087	0.987410169930273	2.14105029482852
XM_010047706.3	1.15683866352184	1.09832731254759	0.807952710292011	-1.11829184899336	-1.01119812383865	-0.933628713529425
XM_010055858.3	1.32627783153983	1.31065456612969	0.458573473005694	-1.47887506255394	-0.662913726777191	-0.953717081344083
XR_005550246.1	-0.79850313808615	-0.79850313808615	-0.79850313808615	0.766606558445685	0.831902333396173	0.797000522416592
XM_010071828.3	-0.780024802419491	-0.780024802419491	-0.780024802419491	0.56480369457795	0.795287528267945	0.979983184412579
XM_018863006.2	-1.80794113812747	-1.80794113812747	-0.313781574414628	1.30892261956343	1.57928352388767	1.04145770721847
XR_005547912.1	-1.65532257837447	-1.65532257837447	-1.65532257837447	1.6592289455187	1.56097706647417	1.74576172313054
XM_010025992.3	-1.39782303627141	-1.39782303627141	-1.39782303627141	0.938746005497703	1.920059846558	1.33466325675853
XM_010064606.3	-1.68248126297338	-1.68248126297338	-1.68248126297338	1.87063344514185	1.79182497731502	1.38498536646326
XM_010056412.3	-1.44583678775008	-1.44583678775008	-1.44583678775008	1.61680304053638	1.69379641736445	1.02691090534941
XM_039315436.1	-1.40531184240075	-1.40531184240075	-1.40531184240075	1.66181055056542	1.47066475973771	1.08346021689911
XM_039301520.1	-1.0184794979215	-1.0184794979215	-1.0184794979215	1.08987768016892	0.980438074836864	0.9851227387587
XM_010062228.3	-1.18145171349141	-1.18145171349141	-1.18145171349141	1.03329480919099	1.77794752128071	0.73311281000253
XM_010045393.3	-1.85776009227823	-1.85776009227823	-1.85776009227823	2.53627380308955	2.01368932339877	1.02331715034639
XM_039300421.1	-0.576317238926478	-0.576317238926478	-0.576317238926478	0.279672458382003	0.886782028421626	0.562497229975804
XM_010068966.3	-1.20213845391621	-1.20213845391621	-1.20213845391621	0.970349061593928	1.69122375684767	0.944842543307024
XR_005549845.1	-1.18871556825185	-1.18871556825185	-1.18871556825185	1.05342959259772	1.900274024316	0.612443087841843
XM_039310089.1	-1.08517991729155	-1.08517991729155	-1.08517991729155	0.604566521202008	1.38678787036997	1.26418536030267
XR_005553053.1	-1.06227673905218	-1.06227673905218	-1.06227673905218	1.20406006036795	1.0804634330639	0.902306723724684
XM_010029263.3	1.23646515445319	1.05206540408912	0.818540442101892	-1.22706775105745	-1.07254151182641	-0.807461737760347
XM_039317218.1	-0.743395732417317	-0.743395732417317	-0.743395732417317	0.750251601557893	0.738419841200546	0.741515754493511
XM_010054541.3	-2.12280403844974	-2.12280403844974	-2.12280403844974	2.19731955959087	1.4520240851377	2.71906847062065
XM_010038480.3	-1.1400553231366	-1.1400553231366	-1.1400553231366	0.784424669222424	1.56105010064157	1.0746911995458
XM_039308725.1	-0.677602831837072	-0.677602831837072	-0.677602831837072	0.573358741696147	0.689208941290055	0.770240812525013
XM_010048691.3	1.05195756426284	1.39482073435937	1.22870471545486	-1.18068496053805	-1.30185032645854	-1.19294772708048
XM_039300536.1	-1.54521232379418	-1.54521232379418	-1.54521232379418	1.77180225022727	1.26255473797224	1.60127998318301
XM_010059914.3	1.68464241700491	1.46437239442469	0.611929582838543	-1.34415891749803	-0.844386993039361	-1.57239848373074
XR_005550689.1	1.05311672543984	1.0879877295366	1.11826764294648	-1.08672471498433	-1.08722725603744	-1.08542012690114
XM_039309008.1	0.568419493864139	1.87346989951308	1.34523175345943	-0.658806449224911	-1.56415734880587	-1.56415734880587
XM_010037192.3	-2.09857234457111	-2.09857234457111	-2.09857234457111	1.56408891090399	2.4003167424057	2.33131138040365
XM_039315746.1	-1.17233279623575	-1.17233279623575	-1.17233279623575	0.893928646032972	1.47636272334749	1.14670701932679
XM_018862944.2	-1.52946116404976	-1.52946116404976	-1.52946116404976	0.690868790829794	1.86381773496644	2.03369696635305
XM_010068274.3	1.1574831457816	1.00180890498125	1.76527704579527	-1.28114050706098	-1.25294179625357	-1.39048679324356
XM_039315486.1	-0.974040212806785	-0.974040212806785	-0.974040212806785	1.05806063036024	1.04067213871459	0.823387869345528
XM_039303614.1	-1.888794869455	-1.888794869455	-1.888794869455	2.09615898193034	0.755753647794052	2.81447197864059
XM_039300479.1	-1.26603232927288	-1.26603232927288	-1.26603232927288	1.17836970679013	0.999404566776221	1.62032271425228
XR_005553103.1	2.00474943272807	-0.899312096023305	2.09457273458069	-1.06667002376182	-1.06667002376182	-1.06667002376182
XM_010065289.3	-1.76093092396867	-1.76093092396867	-1.76093092396867	1.69377140419502	1.35510106947844	2.23392029823255
XM_010057661.3	-0.906291186019631	-0.906291186019631	-0.906291186019631	0.726442339930905	0.95049536026845	1.04193585785954
XM_018870990.2	-1.41899607547374	-1.41899607547374	-1.41899607547374	1.4177360049854	1.24389300393249	1.59535921750333
XM_010031506.3	1.6558695443397	2.08749569566492	2.09732311747368	-1.94689611915943	-1.94689611915943	-1.94689611915943
XM_010068484.3	-0.688272897372495	-0.688272897372495	-0.688272897372495	0.686905582217118	0.999235763348233	0.378677346552132
XM_010064469.3	-1.16384967395028	-1.16384967395028	-1.16384967395028	1.70305830419288	1.28240655593928	0.506084161718679
XM_039311797.1	1.35572143928895	1.33500136860954	1.56099991162605	-1.51558945935785	-1.42068821009701	-1.31544505006968
XM_010068954.3	1.15934597542463	1.40502904674729	0.416959256830274	-1.15593041159031	-0.669473455821576	-1.15593041159031
XM_039316801.1	-0.803177648241481	-0.803177648241481	-0.803177648241481	0.925831222096382	1.0250477121174	0.458654010510656
XM_039315423.1	-0.882532182789591	-0.882532182789591	-0.882532182789591	0.442278420630892	1.76823237632731	0.43708575141057
XM_039300566.1	-2.49682668854931	-2.49682668854931	-2.49682668854931	2.8356664357938	2.05837594532899	2.59643768452515
XM_010039919.3	-1.27836501585415	-1.29414801309508	-1.29414801309508	1.42853658497554	1.47646963356113	0.961654823507641
XM_039306496.1	-0.636352236737769	-0.636352236737769	-0.636352236737769	0.815715993486041	0.632082156838614	0.461258559888653
XM_039305005.1	1.23344387981933	0.911635432882124	0.991724939443785	-1.03800668429392	-1.20437362917436	-0.894423938676953
XM_018876685.2	0.905940069050731	0.594208378968352	1.14535912833957	-1.08791541065137	-0.469676755055913	-1.08791541065137
XR_005549521.1	-0.968765590798979	-0.968765590798979	-0.968765590798979	0.524881743176231	0.402514463223675	1.97890056599703
XM_010063424.3	-1.13207609282498	-1.13207609282498	-1.13207609282498	0.155987107500333	1.10089158770667	2.13934958326795
XM_010051005.3	-0.852019364146891	-0.852019364146891	-0.852019364146891	0.604786785083583	0.855063627624815	1.09620767973228
XM_039316408.1	0.804538230817686	1.05457603718631	1.0475354560551	-0.854174900447734	-0.62338570069013	-1.42908912292124
XM_039311551.1	1.14890625908523	0.813892986982337	1.68503401953975	-1.32641617663917	-1.07813362565451	-1.24328346331364
XM_018861811.2	-0.702787222827193	-0.702787222827193	-0.702787222827193	0.521253051390737	0.885537645084723	0.701570972006119
XM_010058803.3	-1.44386484596947	-1.44386484596947	-1.44386484596947	1.35273290807884	1.43740821545978	1.54145341436979
XM_039307394.1	-0.868678418513322	-0.868678418513322	-0.868678418513322	0.734918256346885	0.63110370163399	1.24001329755909
XM_018876213.2	-1.49713451346065	-1.49713451346065	-1.49713451346065	1.25239975420861	1.49018635246861	1.74881743370472
XM_018874334.2	1.05572983574914	0.952679274132167	1.09159121311579	-1.18462506488172	-0.869174588837587	-1.04620066927778
XM_010068713.3	-0.274073745508158	1.87706914007614	2.06007780583736	-1.37101022801112	-0.921052744383112	-1.37101022801112
XR_005546070.1	-1.32977622940772	-1.32977622940772	-1.32977622940772	1.38501878171044	1.27096926855436	1.33334063795838
XM_039308140.1	-1.52810221293108	-1.52810221293108	-1.52810221293108	1.78514363885648	1.97027632107538	0.828886678861393
XM_039307496.1	-0.606356726588683	-0.606356726588683	-0.606356726588683	1.14210450641535	0.699322016653605	-0.02235634330291
XM_010032767.3	-0.930905725123176	-0.930905725123176	-0.930905725123176	1.40079949137572	1.02886443008829	0.363053253905519
XM_010051489.3	-1.10227275568263	-1.10227275568263	-1.10227275568263	0.614937543336965	1.70363874950531	0.98824197420562
XM_039311488.1	-1.33030676264928	-1.33030676264928	-1.33030676264928	1.17659979193141	1.82819184765523	0.986128648361215
XM_010057549.3	1.06881953501575	1.14240596679076	1.20754120742623	-1.14430712017126	-1.24720175162758	-1.02725783743389
XM_039310150.1	1.85355628787054	0.970209390259888	2.36359472810938	-1.72912013541327	-1.72912013541327	-1.72912013541327
XM_010068479.3	-1.28229457636127	-1.28229457636127	-1.28229457636127	1.30146517727823	1.43842166615986	1.10699688564571
XM_018865792.2	-1.06821172014848	-1.06821172014848	-1.06821172014848	1.07550821094644	1.26263346947493	0.866493480024079
XM_010057114.3	-1.64536024000194	-1.64536024000194	-1.64536024000194	1.07338495775446	1.82998409714067	2.0327116651107
XR_005548010.1	-1.03489723712997	-1.03489723712997	-1.03489723712997	0.955694635457615	1.37571522929079	0.773281846641503
XM_039312166.1	2.27915362206422	0.819270485962474	2.00565941776942	-2.20433972922017	-0.695404067355776	-2.20433972922017
XM_010047020.3	-1.01388494724005	-1.01388494724005	-1.01388494724005	1.9484789842669	0.599646705677874	0.493529151775387
XM_010059094.3	-1.24407141212141	-1.24407141212141	-1.24407141212141	0.614705333186781	2.20324328813176	0.914265615045689
XM_039305150.1	-1.11852132711313	-1.11852132711313	-1.11852132711313	0.959746920026082	1.08405311544867	1.31176394586465
XM_039315589.1	-1.14274764492574	-1.14274764492574	-1.14274764492574	1.34139048627593	1.06545744457871	1.02139500392257
XM_039302945.1	1.23328175783193	0.935057345114028	1.25369306826306	-1.14959370920962	-1.13299104287591	-1.13944741912349
XM_010026479.3	-1.32518960218377	-1.32518960218377	-1.32518960218377	0.783167575906645	1.28385612849177	1.9085451021529
XM_010057292.3	-0.722243991381495	-0.722243991381495	-0.722243991381495	0.748683266093632	0.831116511953833	0.58693219609702
XM_010063805.3	-1.12289162731062	-1.12289162731062	-1.12289162731062	1.11099643286366	1.41266370608869	0.845014742979524
XR_005547726.1	-0.88187109022321	-0.88187109022321	-0.88187109022321	0.823885691826587	0.768893468893692	1.05283410994935
XM_010062371.3	-1.67170370716405	-1.67170370716405	-1.67170370716405	1.93414616003093	1.75429261418703	1.3266723472742
XM_039300422.1	-0.963733739346935	-0.963733739346935	-0.963733739346935	0.855525690770703	0.536048380800377	1.49962714646972
XM_010050394.3	-1.10679947334059	-1.10679947334059	-1.10679947334059	1.50673217957734	1.47262206942293	0.341044171021497
XM_010039866.3	-1.4904285187432	-1.4904285187432	-1.4904285187432	1.0587477599249	1.15826700084005	2.25427079546464
XR_726510.3	-1.14547614262454	-1.14547614262454	-1.14547614262454	1.3770818502459	0.888387309241747	1.17095926838596
XM_039310559.1	1.16099265867529	0.810479945223512	1.21025278569055	-1.06057512986312	-1.06057512986312	-1.06057512986312
XR_005551916.1	-1.04188422237146	-1.04188422237146	-1.04188422237146	0.748053646608736	1.16912797111405	1.20847104939159
XR_005545726.1	-1.25694913053262	-1.25694913053262	-1.25694913053262	0.898476301214581	1.51366851612359	1.35870257425968
XM_010062895.3	-1.57527229038341	-1.57527229038341	-1.57527229038341	1.69061462751729	1.58031505091347	1.45488719271946
XM_010038438.3	-1.47858348029229	-1.47858348029229	-1.47858348029229	1.29941477537638	1.56598550059487	1.57035016490563
XM_010041913.3	-2.21997836156412	-2.11043418688241	-1.99829173095848	2.07564615810237	2.12933468297427	2.12372343832837
XM_010045546.3	-0.930783716939104	-0.930783716939104	-0.930783716939104	0.948922049343184	0.904736184447831	0.938692917026297
XM_010035434.3	-0.947896489573317	-0.947896489573317	-0.947896489573317	0.856570153159461	0.912470440564804	1.07464887499568
XM_039310817.1	-0.9836594886341	-2.38528995521884	-2.38528995521884	1.81971148811979	2.04660039306734	1.88792751788466
XM_039308597.1	-0.756509670124106	-0.765049159290625	-1.36531891279963	1.03603849709065	0.960355321320627	0.890483923803088
XM_018876262.2	-1.46645625814737	-1.46645625814737	-1.46645625814737	0.927509017512875	1.82411559270471	1.64774416422452
XM_039315163.1	-1.01365279994234	-1.01365279994234	-1.01365279994234	0.507397936958626	1.25178409610676	1.28177636676162
XR_005548517.1	-0.911943304896264	-0.911943304896264	-0.911943304896264	1.19942192603138	0.684514834662722	0.851893153994687
XR_005545727.1	1.26373916119897	0.862200310525435	0.860208462851738	-0.995382644858713	-0.995382644858713	-0.995382644858713
XM_039301687.1	-1.62934559595247	-1.62934559595247	-1.62934559595247	1.34610116968849	1.83100380935514	1.71093180881378
XR_005548804.1	1.15190305569631	1.42227254280523	1.26699578726	-1.46287402064573	-1.08056079541469	-1.29773656970112
XM_039308717.1	1.25990916626956	2.45884615451252	1.29996848863481	-1.67290793647229	-1.67290793647229	-1.67290793647229
XM_039305895.1	-1.65524661051521	-1.65524661051521	-1.65524661051521	2.08826835753486	1.21541401616407	1.6620574578467
XM_039312039.1	1.39501117721245	1.15320953545963	1.50792355347881	-1.54307585661586	-1.37832651190195	-1.13474189763309
XR_005552342.1	-0.466554093935417	-0.418317908282569	-0.466554093935417	0.309128607803643	0.576790410941752	0.465507077408008
XM_010068462.3	1.27872168684109	1.30619327466218	0.885085409376011	-1.3768919976649	-1.06514320189484	-1.02796517131954
XM_010054317.3	-0.564724227985682	-0.564724227985682	-0.564724227985682	0.744451959492833	0.375630483547612	0.5740902409166
XM_039303731.1	-1.48117802134538	-1.48117802134538	-1.48117802134538	1.74687102653908	1.36822082400056	1.32844221349651
XR_005549435.1	-1.18590224283423	-1.18590224283423	-1.18590224283423	1.05349579873233	1.21736547950508	1.28684545026527
XM_010046536.3	-1.32063090782926	-1.32063090782926	-1.32063090782926	1.72969664572917	0.774618409189768	1.45757766856883
XM_010050242.3	-1.28148439857267	-1.28148439857267	-1.28148439857267	1.17925816521697	1.20445758483974	1.46073744566131
XM_039308065.1	-0.62621883308338	-0.62621883308338	-0.62621883308338	0.0563544642641981	0.832163171072633	0.99013886391331
XM_010057825.3	-1.53555225207347	-1.53555225207347	-1.53555225207347	1.83223814072258	1.99875841293625	0.775660202561566
XM_010054953.3	-1.06615107632394	-1.06615107632394	-1.06615107632394	1.23719131816339	1.56588442765948	0.395377483148939
XM_010069319.3	1.13622551475507	0.968695369852802	1.02888796385791	-0.871112726096264	-1.01965171220161	-1.24304441016792
XR_005551787.1	-1.67490078240424	-1.67490078240424	-1.67490078240424	1.43312178011217	1.30420997261155	2.28737059448899
XM_010058033.3	-2.12491365649931	-1.19285248515588	-2.12491365649931	1.84621599727592	1.794998432178	1.80146536870057
XM_010038819.3	-1.16110265183247	-1.35645025015469	-1.35645025015469	1.05687303074437	1.3366463602311	1.4804837611664
XM_039299373.1	-1.11880085420556	-1.11880085420556	-1.11880085420556	1.21290436229334	0.67613480859798	1.46736339172535
XM_039305790.1	-1.23755477654851	-1.23755477654851	-1.23755477654851	1.12673749358686	1.55175714909659	1.03416968696206
XM_010030220.3	-1.97841119407643	-3.05264359494031	-2.422898957588	2.50630763911205	2.47199794797948	2.47564815951321
XM_010038903.3	-2.04895585785067	-2.04895585785067	-2.04895585785067	2.29281645716498	1.77876156494676	2.07528955144028
XM_010053707.3	-1.11259314197912	-1.11259314197912	-1.11259314197912	1.24664688355021	1.17162484119924	0.919507701187905
XM_039316445.1	-1.1030349180539	-1.1030349180539	-1.1030349180539	1.04654963510424	0.911677433467472	1.35087768558999
XM_010042913.3	-1.15744026997925	-0.396772095376473	-1.46505782484867	0.994040876966818	0.955746693730805	1.06948261950677
XM_018871763.2	-1.49735226107408	-1.49735226107408	-1.49735226107408	1.75376084809721	1.43697551724129	1.30132041788373
XM_039301474.1	-1.6352540131089	-1.6352540131089	-1.6352540131089	1.30885478599905	1.77141870264693	1.82548855068074
XM_010039977.3	-1.47886690092338	-1.47886690092338	-1.47886690092338	0.927397639687304	1.40768324640096	2.10151981668188
XM_010035731.3	1.35820288007884	1.04674389042196	1.22702932176909	-1.33743288679661	-1.08130939348144	-1.21323381199182
XM_010027640.3	-1.61418616433763	-1.61418616433763	-1.61418616433763	2.31957529599563	1.78525840025182	0.737724796765444
XM_010048651.3	-2.02921925283568	-2.02921925283568	-2.02921925283568	1.80539084539123	2.16817438690639	2.11409252620942
XM_010057977.3	-1.09511857217606	-1.21163225358645	-1.13636407605322	1.13446808108013	1.19184266656019	1.11680415417541
XM_039312640.1	-0.813088968213959	-0.813088968213959	-0.813088968213959	0.634225732039217	0.94819630514766	0.856844867455001
XR_005547602.1	1.22020755596403	1.12657389333115	1.40725666013913	-1.4719735609528	-1.06961291463819	-1.21245163384332
XR_005548850.1	1.28569543732702	1.15485598797319	1.50669046599732	-1.39065232769637	-1.2873492213597	-1.26924034224146
XM_039301027.1	-1.07939950053182	-1.07939950053182	-1.07939950053182	0.927078063539382	1.15356817999983	1.15755225805626
XM_010057076.3	-1.81418080377017	-1.81418080377017	-1.81418080377017	1.62278053406344	2.02265224565293	1.79710963159414
XM_010064157.3	-1.6416812135876	-1.6416812135876	-1.6416812135876	1.81420489140031	1.76865989102648	1.34217885833602
XM_010025777.3	-1.59168670210491	-1.59168670210491	-1.59168670210491	1.3690103371994	1.87324289902494	1.53280687009039
XM_010057681.3	-1.19675122458379	-1.19675122458379	-1.19675122458379	0.536169157524468	1.7969231371668	1.2571613790601
XM_018867703.2	-1.99996941669604	-1.99996941669604	-1.99996941669604	1.68888232716984	2.16915386478072	2.14187205813755
XM_039315958.1	-1.49670156539374	-1.49670156539374	-1.49670156539374	1.47874520024722	1.51783226790172	1.49352722803227
XM_010055229.3	-1.3433402722268	-1.3433402722268	-1.3433402722268	1.42706594407204	1.2509694007536	1.35198547185477
XM_010038894.3	-1.53425024786817	-1.53425024786817	-1.1882862175253	0.928849019479932	1.77201199185968	1.55592570192203
XM_010026736.3	-2.35109044222342	-1.73427620531619	-1.72743472223616	1.86302728052308	1.94175837322673	2.00801571602596
XM_010037653.3	-2.07434937906825	-2.07434937906825	-2.07434937906825	1.97257816043232	2.17068985505051	2.07978012172193
XM_010056862.3	-1.23526988429055	-1.23526988429055	-1.23526988429055	1.28728810857988	1.13098237940901	1.28753916488277
XM_010067705.3	-1.3474547798904	-1.3474547798904	-1.3474547798904	0.646400699811697	1.95222947824655	1.44373416161296
XM_039300958.1	-1.82902999612805	-1.82902999612805	-1.82902999612805	1.87373834907858	1.81851477358092	1.79483686572465
XM_010063519.3	-1.2787272346867	-1.2787272346867	-1.2787272346867	1.06553316029871	1.64556271683151	1.12508582692989
XM_010030080.3	-1.24423799247746	-1.24423799247746	-1.24423799247746	0.896540663305334	1.61234938282378	1.22382393130328
XM_010032644.3	-0.953421807273273	-0.953421807273273	-0.953421807273273	1.18735684850952	0.560068938314845	1.11283963499545
XM_010025549.3	-1.40537647430268	-1.40537647430268	-1.40537647430268	0.610763228352575	2.06307651206213	1.54228968249333
XM_039300403.1	-1.262730831787	-1.262730831787	-1.262730831787	1.76566150871265	0.663268586769225	1.35926239987912
XM_010036907.3	-1.39530375810004	-1.39530375810004	-1.39530375810004	0.73100837222866	2.27054376315551	1.18435913891596
XM_010033755.3	-1.95881915414401	-1.95881915414401	-1.95881915414401	1.92186637111711	2.14215849358081	1.81243259773413
XM_010035496.3	-2.16803877521027	-2.16803877521027	-2.16803877521027	2.22359148630716	2.1548988529103	2.12562598641333
XM_010035356.3	-1.72695973700338	-1.72695973700338	-1.72695973700338	1.89982980937243	0.974145686774792	2.30690371486291
XM_010065244.3	1.18049779588855	1.31075709200127	1.68669350239377	-1.65401117767278	-0.869926034938023	-1.65401117767278
XM_039315926.1	-1.22937461790584	-1.22937461790584	-1.22937461790584	0.63654419664637	1.58763459616542	1.46394506090573
XR_005548201.1	-0.737306494551706	-0.737306494551706	-0.737306494551706	0.719499654678768	0.82047117684322	0.671948652133131
XM_039301357.1	-0.609420805253759	-0.609420805253759	-0.609420805253759	0.710197128946402	0.648193324795782	0.469871962019094
XM_039311080.1	1.3692136188052	2.05840092588916	1.36285742374162	-1.15748320867989	-1.81649437987804	-1.81649437987804
XM_039308159.1	-0.847376866251473	-0.847376866251473	-0.847376866251473	0.756219808608735	0.573240272727218	1.21267051741847
XM_039310135.1	-1.13516647176934	-1.13516647176934	-1.13516647176934	1.48048523302295	1.16992853889735	0.755085643387725
XM_039316065.1	-0.74392104367193	-0.74392104367193	-0.74392104367193	0.821188652859905	0.60261041835609	0.807964059799795
XM_010031289.3	-1.48654962403204	-1.48654962403204	-1.48654962403204	1.56517049241529	1.82742174702698	1.06705663265384
XM_010068564.3	-1.7421115188246	-1.7421115188246	-1.7421115188246	1.65637567119437	1.19221625949077	2.37774262578864
XR_005550688.1	1.05311672543984	1.0879877295366	1.11826764294648	-1.08672471498433	-1.08722725603744	-1.08542012690114
XM_039306541.1	-1.13111760499737	-1.13111760499737	-1.13111760499737	0.953286877936979	1.83826315994424	0.601802777110889
XM_039305950.1	-1.12229990421131	-1.12229990421131	-1.12229990421131	1.37083501809419	1.08309260877837	0.912972085761378
XM_010037264.3	-1.44576849803848	-1.44576849803848	-1.44576849803848	1.33978205370077	1.78428076725502	1.21324267315967
XM_018862969.2	-0.595758807013455	-1.39398769663656	-1.7879529722968	1.01237750062784	1.01424024464502	1.75108173067395
XM_010064212.3	-1.22698753609454	-1.22698753609454	-1.22698753609454	1.38442094493042	1.12435810562792	1.17218355772528
XM_010062750.3	-0.935463658928359	-0.935463658928359	-0.935463658928359	0.730383862327191	1.01761529368415	1.05839182077374
XM_010053778.3	-1.9698447006938	-1.9698447006938	-1.9698447006938	1.83203822588423	1.76816646840192	2.30932940779525
XM_010049500.3	-0.879562647073328	-0.879562647073328	-0.879562647073328	0.591364610401798	1.01922615003823	1.02809718077996
XM_039301750.1	-1.02884283573482	-1.02884283573482	-1.02884283573482	0.945319332061779	1.44104314053964	0.700166034603042
XM_010033475.3	-1.28526740329779	-1.28526740329779	-1.28526740329779	0.400448532692859	1.54984821196043	1.90550546524009
XM_039303821.1	-1.27427714761917	-1.27427714761917	-1.27427714761917	1.6462067205917	1.15547270318104	1.02115201908479
XM_010061532.3	-1.75805637857643	-1.75805637857643	-1.75805637857643	1.9338127385652	1.73917275021118	1.6011836469529
XR_005547623.1	-1.12956108460432	-1.12956108460432	-1.12956108460432	1.38847040799785	1.26385511586722	0.736357729947891
XM_010025163.3	-1.00998589312516	-1.00998589312516	-1.00998589312516	0.520084849099923	1.19821919637929	1.31165363389627
XM_039314072.1	-0.891249719441104	-0.891249719441104	-0.891249719441104	0.473882874011426	1.35819562164473	0.841670662667153
XM_010036918.3	1.21820559419115	1.34233835457262	0.666267786137156	-0.904327830545041	-1.31859280234043	-1.00389110201546
XM_010049887.3	1.28210704486189	1.10466404603504	1.10703421808435	-1.08047584039116	-1.3006877806913	-1.11264168789882
XM_039307528.1	-2.1619814562028	-2.1619814562028	-2.1619814562028	2.13021131769909	2.42999709508074	1.92573595582858
XM_039299067.1	1.27024675935081	1.13303692145463	0.664669356621784	-0.958216303566292	-0.641977280560753	-1.46775945330018
XM_018865398.2	0.809394107968631	1.64801938735828	2.45872831189886	-1.63871393574192	-1.63871393574192	-1.63871393574192
XM_010029259.3	0.957528021099002	1.14618302165193	1.10125570286363	-1.23713699344146	-0.867035437409031	-1.10079431476406
XM_010033462.3	-1.54537800184529	-1.54537800184529	-1.54537800184529	2.64001285130119	0.900878228044273	1.09524292619041
XM_010050677.3	-1.07734575225493	-1.07734575225493	-1.07734575225493	1.00705873067942	0.993730409756029	1.23124811632935
XR_005552055.1	-1.89666424638819	-1.91273900924626	-1.9057756511891	1.89527179658478	1.87711216517204	1.94279494506674
XM_039305541.1	-1.25080915215156	-1.25080915215156	-1.25080915215156	0.703759418601434	1.49893962671294	1.54972841114031
XM_010070770.2	-1.3512057484581	-1.3512057484581	-1.3512057484581	0.995609345742442	1.08815143001616	1.9698564696157
XM_010057079.3	1.00414688113955	1.97909880418227	1.79640028566437	-1.93489158849257	-0.909862794001048	-1.93489158849257
XM_039303435.1	-1.37076924847423	-2.88375458328791	-2.88375458328791	2.45890682438212	2.33761986373654	2.34175172693139
XR_005550694.1	1.05311672543984	1.0879877295366	1.11826764294648	-1.08672471498433	-1.08722725603744	-1.08542012690114
XM_018862704.2	-1.25607256005798	-1.25607256005798	-1.25607256005798	1.32768719358152	1.93659505981832	0.503935426774092
XM_010068447.3	-1.83899170766506	-1.83899170766506	-1.83899170766506	1.83275455919817	1.77948189541742	1.90473866837957
XM_039308707.1	-1.50709584142923	-1.50709584142923	-1.50709584142923	0.915944411932279	1.37064840851977	2.23469470383565
XM_010058175.3	-1.21216000095338	-1.21216000095338	-1.21216000095338	0.905202585201279	1.64800825190826	1.08326916575059
XM_010063516.3	-1.55401575759896	-1.55401575759896	-1.55401575759896	1.72382025058619	1.47949534476236	1.45873167744833
XM_010042607.2	0.982029390695551	1.33767574794375	1.17972108329432	-0.993859467572797	-0.87102945839669	-1.63453729596414
XM_010069404.3	-1.99234739694706	-1.99234739694706	-1.99234739694706	2.14491019191449	1.80798307597757	2.02414892294913
XM_039304609.1	-0.600215865457999	-0.600215865457999	-0.600215865457999	0.526756990799766	0.741200659020723	0.532689946553507
XM_010057978.3	-1.1262815570596	-0.758685052698073	-1.53659222539051	1.08673205934283	1.13473995202273	1.20008682378261
XM_010029879.3	-1.30481934130426	-1.30481934130426	-1.30481934130426	1.75159077579429	1.38022374817242	0.782643499946078
XR_005552850.1	0.834732057026405	1.01213494658141	0.840744130072828	-1.01005529305265	-0.667500547575335	-1.01005529305265
XM_010070826.3	-1.31896332826636	-1.31896332826636	-1.31896332826636	1.2213119758995	1.54992094476241	1.18565706413719
XM_010046158.3	-1.73641267777138	-1.73641267777138	-1.73641267777138	1.88405643563252	1.65315413399135	1.67202746369027
XM_039313168.1	-1.25614638940429	-1.25614638940429	-1.25614638940429	1.02332490624018	1.72953618786642	1.01557807410628
XM_010063237.3	-1.39346456221381	-1.39346456221381	-1.39346456221381	1.8166125366894	0.677611599797147	1.68616955015489
XM_039310506.1	-1.23489959175664	-1.23489959175664	-1.23489959175664	1.55795576060585	0.872453506691655	1.27428950797242
XM_010054825.3	1.12923587464578	1.33142884771012	1.3594280634469	-1.24200559369565	-1.21349499294319	-1.36459219916396
XM_010050493.3	-1.01792901633161	-1.01792901633161	-1.01792901633161	0.675836695886175	0.853126058755022	1.52482429435363
XR_005553283.1	-1.2763852697101	-1.2763852697101	-1.2763852697101	0.327211405150103	1.60312446490657	1.89881993907364
XM_010058165.3	-1.36680284689832	-1.36680284689832	-1.36680284689832	1.45368249608806	1.33230453772568	1.31442150688124
XM_010030678.3	-0.717818155919194	-0.717818155919194	-0.717818155919194	0.450181968598626	0.759341055267447	0.94393144389151
XM_010046856.3	-1.33612423132183	-1.33612423132183	-1.33612423132183	1.26271734681146	1.63472942301866	1.11092592413536
XM_010043379.3	1.04330333497174	1.08398912444688	1.30481625719899	-1.35725111569188	-0.991930131581396	-1.08292746934433
XM_010038374.3	-1.42029392757124	-1.42029392757124	-1.42029392757124	1.75331325818592	1.23253670801747	1.27503181651033
XR_005550426.1	-1.16357368655427	-1.16357368655427	-1.16357368655427	1.46659877272681	1.60513997047621	0.418982316459791
XM_010057061.3	-1.24998903220974	-1.24998903220974	-1.24998903220974	1.29028627195612	1.70606762020266	0.753613204470452
XM_010054204.3	-1.7145432220312	-1.7145432220312	-1.7145432220312	1.94515304377779	1.39398123474697	1.80449538756886
XM_039308225.1	-1.85843932391607	-1.85843932391607	-1.85843932391607	2.09034838907083	2.08670013900905	1.39826944366831
XM_010031044.3	-2.32579550920297	-2.32579550920297	-2.32579550920297	2.37331187542103	2.68346207414447	1.92061257804341
XM_010035282.3	-1.2780836935009	-1.2780836935009	-1.2780836935009	1.20373188011696	1.30976131575337	1.32075788463238
XM_039301232.1	-1.68113320730574	-0.929241068901434	-1.68113320730574	1.11733211339933	1.6673825099297	1.50679286018389
XM_039315487.1	1.74912199895231	1.43825419055787	0.898852657590112	-1.36207628236676	-1.36207628236676	-1.36207628236676
XM_010069234.3	-1.05235076891004	-1.05235076891004	-1.05235076891004	0.337766584756293	1.1723069652107	1.64697875676312
XM_018870728.2	-1.16407904239761	-1.96067679644592	-1.96067679644592	1.56376305465155	1.54330790745169	1.9783616731862
XM_010057345.3	1.78021673784567	1.43842680534766	1.44655570393893	-1.55506641571075	-1.55506641571075	-1.55506641571075
XM_018864865.2	1.69431790219594	0.742930640391361	0.812810231853336	-1.10334531459486	-1.05503781367617	-1.09167564616961
XM_010065733.3	-1.14400404418348	-1.16197556428002	-1.89111648198958	1.60841390790083	1.28466509851005	1.30401708404221
XR_005550723.1	1.05311672543984	1.0879877295366	1.11826764294648	-1.08672471498433	-1.08722725603744	-1.08542012690114
XM_010046432.3	-1.14403732429845	-1.14403732429845	-1.14403732429845	1.19253171747066	1.19965474488056	1.03992551054414
XM_010064849.3	1.13086534274857	0.778459905415596	0.828273368448979	-0.86601685287481	-1.01145391535227	-0.860127848386059
XM_010038390.3	-1.731128268275	-1.731128268275	-1.731128268275	1.02226232939099	2.07199541954132	2.09912705589268
XM_010037986.3	-1.47346815224112	-1.47346815224112	-1.47346815224112	1.68712939363944	0.970403676156648	1.76287138692726
XM_010045685.3	1.30897605994492	1.400076374687	0.975846804944377	-1.35599922855674	-1.14534766375474	-1.18355234726482
XM_039308776.1	-0.711104250642984	-0.711104250642984	-0.711104250642984	0.654028342809546	0.742545015400307	0.736739393719101
XM_010063123.2	-1.23455141141551	-1.23455141141551	-1.23455141141551	1.44464715915141	1.79578466695545	0.463222408139675
XM_010053098.2	1.24592555371012	1.1074990564486	0.965526573440904	-1.08037617960927	-1.12177076499544	-1.11680423899492
XM_010031005.3	-0.733831107233355	-2.02130340235242	-2.02130340235242	1.58241194935077	1.31712101243114	1.8769049501563
XM_010030946.3	-2.12325673276964	-2.12325673276964	-2.12325673276964	2.27932902546294	1.73233437494081	2.35810679790518
XM_018865492.2	0.709341616756503	1.29834411363644	1.16009354258889	-0.621188196469526	-1.45752730389813	-1.08906377261418
XM_010027378.3	-0.777908792854244	-0.777908792854244	-0.777908792854244	0.711634142788229	0.670992158290884	0.951100077483619
XR_005550715.1	1.05311672543984	1.0879877295366	1.11826764294648	-1.08672471498433	-1.08722725603744	-1.08542012690114
XM_010038546.3	-1.23043310215018	-1.24604530118478	-1.22902215334247	1.04151409606162	1.42119436663797	1.24279209397784
XM_010046579.3	-2.190302470113	-2.190302470113	-2.190302470113	1.95211096776074	2.21813767134865	2.4006587712296
XM_010068052.3	-2.0352695516744	-2.0352695516744	-2.0352695516744	1.81812734262314	2.14662809143399	2.14105322096606
XR_005547804.1	-1.42063364066716	-1.42063364066716	-1.42063364066716	1.39248055067913	1.21349491685789	1.65592545446445
XR_005547734.1	-0.535367039693324	-0.535367039693324	-0.535367039693324	0.49461582652239	0.41173801187455	0.699747280683033
XM_039315345.1	-0.512275120404431	-1.34577245726427	-1.34577245726427	1.22735966053776	1.07187755989642	0.904582814498782
XM_010053882.3	-1.53699390784525	-1.53699390784525	-1.53699390784525	1.78522269720024	1.25606961060098	1.56968941573452
XM_039302285.1	1.30346908186176	1.08762564818036	0.97647581686126	-0.986989075962682	-0.994388299521699	-1.386193171419
XM_010048419.2	1.52276913928784	1.44035464782661	1.0578210069663	-1.23081746612377	-1.43478801241346	-1.35533931554352
XM_010057303.3	-0.907106913992791	-0.907106913992791	-0.907106913992791	0.190503882633631	1.08855849574332	1.44225836360142
XM_010064099.3	-0.967510331517681	-0.967510331517681	-0.967510331517681	0.367629874796533	1.26821672832038	1.26668439143613
XM_010069343.3	-1.70776775075375	-1.70776775075375	-1.70776775075375	1.60024356379843	1.94483346684277	1.57822622162003
XM_010064465.3	1.65656155945811	0.71871038406813	0.963790294460347	-1.3755465416572	-1.17688424701884	-0.786631449310544
XM_039316908.1	1.00670332489431	0.810047932844947	0.954371324819195	-1.42700789350862	-0.950466960377946	-0.393647728671889
XM_039308772.1	-0.897498368462995	-0.897498368462995	-0.897498368462995	1.05707020229	0.360115761586546	1.27530914151244
XM_010054611.3	-1.2967507308088	-1.2967507308088	-1.2967507308088	1.15952975070193	1.4738669158474	1.25685552587707
XM_039311735.1	-1.94246713134779	-1.94246713134779	-1.94246713134779	1.90653129905224	2.00267233157733	1.91819776341379
XR_726803.3	-1.86472449280435	-1.86472449280435	-1.86472449280435	2.70458430642494	1.75269154514277	1.13689762684534
XM_010033597.3	-0.826591979008767	-0.826591979008767	-0.826591979008767	0.810322601347111	0.979525817026862	0.689927518652329
XM_010058743.3	-1.34499774334511	-1.34499774334511	-1.34499774334511	0.929413025972723	2.07373193339142	1.03184827067121
XM_010059783.3	1.04376251619189	0.895333996580292	1.36396899385861	-0.70882602917233	-0.787802651659701	-1.80643682579875
XM_039316971.1	-1.10967953728873	-1.10967953728873	-1.10967953728873	1.01960347965623	1.40583108268028	0.90360404952969
XM_010057399.3	0.956726873058161	0.97028119332245	1.08902659169836	-0.931858462523491	-0.988012102544507	-1.09616409301097
XM_018874279.2	1.2033616674774	0.853660249129072	0.825709727388453	-1.21880778888586	-0.806410425742503	-0.857513429366564
XM_010027088.3	-2.38349128794492	-2.38349128794492	-2.38349128794492	2.5722399777348	2.4195290438488	2.15870484225115
XM_018870688.2	-0.480766795140525	-3.11443049200716	-3.11443049200716	1.93624532830996	2.37324878689446	2.40013366395042
XM_010070973.3	-1.40156932407424	-1.40156932407424	-1.40156932407424	1.44943007064223	1.46553640542842	1.28974149615206
XM_010029232.3	1.07280453785975	0.994149168950441	0.983947086505318	-0.90235310501106	-1.08018732719349	-1.06836036111096
XM_010028487.3	3.36996795665046	1.21836879783536	0.0448788913819829	-1.54440521528927	-1.54440521528927	-1.54440521528927
XR_005546083.1	-1.15785083335387	-1.15785083335387	-1.15785083335387	1.07879484799939	1.01655558517588	1.37820206688634
XM_010041343.3	-1.10349286883815	-1.11927586607908	-1.11927586607908	1.47312136911886	0.991087377281342	0.877835854596097
XM_018872049.2	-1.15147438126497	-1.15147438126497	-1.15147438126497	1.28362077035513	1.28068330604558	0.890119067394211
XM_039307934.1	1.40508343614578	1.4433661477692	1.55777913404047	-0.954866392114561	-1.21316676567468	-2.2381955601662
XM_010058663.3	-1.12561665933183	-0.84325699153013	-0.83623296592518	0.855556929593666	0.849493975170928	1.10005571202255
XM_010054221.3	-1.18724459307757	-1.18724459307757	-1.18724459307757	1.20424819690316	1.55087469570501	0.806610886624533
XM_039307863.1	-1.07236625668923	-1.07236625668923	-1.07236625668923	0.953371304724381	1.35497173223822	0.908755733105084
XR_005552219.1	-1.20946896187045	-1.20946896187045	-1.20946896187045	0.496287820179345	1.48161847908144	1.65050058635057
XM_039314074.1	-0.673884571780579	-1.35837206294419	-2.05278511403946	1.27357045449966	1.32105878937868	1.49041250488589
XM_010050907.3	-1.3734719490283	-1.3734719490283	-1.3734719490283	1.41563126847308	1.52686355961268	1.17792101899915
XM_018865183.2	-0.756483242109844	-0.756483242109844	-0.756483242109844	0.842834551588382	0.873922229372479	0.55269294536867
XM_010059656.3	-1.17719858029677	-1.17719858029677	-1.17719858029677	1.19714540874173	1.05300443306966	1.28144589907891
XM_039307427.1	-1.96200063016602	-1.96200063016602	-1.96200063016602	1.48438795099568	2.43552854954537	1.96608538995699
XR_005546855.1	-1.8246319484573	-1.8246319484573	-1.8246319484573	1.78323095437394	1.67604265241188	2.01462223858608
XR_005546502.1	-1.04579278913261	-1.04579278913261	-1.04579278913261	0.603592740048907	0.254623838704266	2.27916178864465
XM_039298772.1	-0.864575119953519	-0.864575119953519	-0.864575119953519	0.4498313876013	1.11471859049221	1.02917538176705
XM_010048123.3	-1.50531251323149	-1.50531251323149	-1.50531251323149	1.4945071386164	1.51882983266631	1.50260056841177
XM_039318265.1	-0.972742275942994	-0.972742275942994	-0.972742275942994	0.583564508281983	1.49922551171852	0.835436807828477
XR_005548927.1	-1.12412928043365	-1.12412928043365	-1.12412928043365	1.1262259913294	0.971120036585375	1.27504181338617
XM_039303545.1	-2.07527978716966	-2.07527978716966	-2.07527978716966	1.84920020518936	2.00605984028228	2.37057931603733
XM_010032667.3	-1.78077497337396	-1.78077497337396	-1.78077497337396	1.85532757260305	1.96209357765049	1.52490376986833
XM_039311736.1	1.22426010168834	1.20696259511601	1.59848117177073	-0.730964490610108	-2.30917865608256	-0.989560721882401
XM_010057761.3	-1.03914946242146	-1.03914946242146	-1.03914946242146	0.964452774258736	1.20482420949785	0.948171403507794
XM_018870733.2	-1.41924981115319	-1.41924981115319	-1.41924981115319	1.73277131586716	1.71003320579178	0.814944911800624
XM_010048694.3	1.04010826608231	1.0640040618499	1.04777684495898	-0.913471820282609	-1.18186789065503	-1.05654946195355
XM_010033461.3	-1.03544667087749	-1.03544667087749	-1.03544667087749	0.938715496919108	1.63358009463214	0.534044421081225
XR_005550704.1	1.05311672543984	1.0879877295366	1.11826764294648	-1.08672471498433	-1.08722725603744	-1.08542012690114
XM_039315588.1	0.647759475391073	0.839771406651699	0.644379477653969	-0.710636786565581	-0.710636786565581	-0.710636786565581
XR_005545954.1	-2.18058091364921	-1.72117734963648	-1.71334328703363	1.90180838131681	1.81615583353361	1.8971373354689
XM_010039491.3	-1.2836239615742	-1.2836239615742	-1.2836239615742	1.70968809604568	0.462258727328059	1.67892506134886
XM_010045835.3	-2.0033957218844	-0.604498150681927	-1.13628999238175	1.29159254580705	1.29232730265557	1.16026401648546
XM_010031234.3	-1.70012889045149	-1.70012889045149	-1.70012889045149	1.73683244738212	1.68087754663713	1.68267667733521
XM_010056991.3	-1.8117817859068	-1.8117817859068	-1.8117817859068	1.80457591108989	2.30931652618018	1.32145292045034
XM_010070743.3	0.855324408526955	0.760445062004399	0.985510248727771	-0.818002466867589	-1.10575221586686	-0.677525036524671
XM_018874721.2	1.15623005117497	0.862496603203193	1.08082717483914	-1.23579453367585	-1.01562162352324	-0.848137672018212
XR_721346.3	-1.21838777460652	-1.21838777460652	-1.21838777460652	1.12074961031307	1.361033768157	1.17337994534948
XM_039315875.1	-0.907135099370362	-0.907135099370362	-0.907135099370362	0.582407836272112	1.09790551733017	1.04109194450881
XM_010067493.3	1.31393093867583	1.92851100592727	1.65820267726943	-1.63354820729084	-1.63354820729084	-1.63354820729084
XM_039311307.1	-1.07199655617437	-1.07199655617437	-1.07199655617437	1.13714484166422	0.696928779389378	1.38191604746952
XM_010049239.3	0.88328779440606	1.08782881411885	0.967520217289809	-0.991645201337628	-0.990682602442274	-0.956309022034818
XM_010042254.3	-2.10909775538792	-2.10909775538792	-2.10909775538792	2.32412879290198	2.13114023885538	1.87202423440639
XM_010033002.3	-1.15082959384744	-1.15082959384744	-1.15082959384744	1.86798259189538	0.264929072675057	1.31957711697189
XM_039305544.1	-1.54418837704775	-1.54418837704775	-1.54418837704775	2.06166149014723	1.96550746488564	0.605396176110386
XM_039310487.1	-1.44464977685839	-1.44464977685839	-1.44464977685839	1.56791889664466	1.21230415635066	1.55372627757986
XM_018869249.2	-0.738899075192195	-0.738899075192195	-0.738899075192195	1.05811390264395	0.463988758277949	0.694594564654685
XM_039311489.1	-0.906388871684193	-0.906388871684193	-0.906388871684193	1.07765355441283	0.0798400085432059	1.56167305209654
XM_010048678.3	-2.60653958509489	-2.60653958509489	-2.60653958509489	2.61936508840658	2.64453890160945	2.55571476526864
XR_005552253.1	1.72558218654854	0.359777363564528	1.24809013161873	-1.1111498939106	-1.1111498939106	-1.1111498939106
XM_010058052.3	-1.66304867484799	-1.66304867484799	-1.66304867484799	1.54421949826404	1.32263390242272	2.1222926238572
XM_039303571.1	0.623291458037233	0.880383280876104	0.886685234913086	-0.796786657942141	-0.796786657942141	-0.796786657942141
XM_010049352.3	-1.0562133718919	-1.0562133718919	-1.0562133718919	1.31562424543852	0.557318281026023	1.29569758921117
XM_018868351.2	-1.85861694989732	-1.85861694989732	-1.85861694989732	1.73974825542632	1.77852955635583	2.05757303790981
XM_039301987.1	-1.18803822869323	-1.18803822869323	-1.18803822869323	1.87460159959323	0.916298431121501	0.773214655364973
XM_010054963.3	1.08681907551958	0.893929213813529	1.03075152143712	-0.971417638386622	-1.01386124529199	-1.02622092709162
XM_010030388.3	-2.02101964838469	-2.02101964838469	-2.02101964838469	2.13586231558202	1.75981535335354	2.16738127621852
XM_010069084.3	-1.36612091436979	-1.36612091436979	-1.36612091436979	2.00655264409897	0.869606145468269	1.22220395354213
XM_039315482.1	-0.985618863150517	-0.985618863150517	-0.985618863150517	0.858766789852054	0.827905826147294	1.2701839734522
XM_010063317.3	1.70888658973892	0.855400008816523	1.50628750760319	-1.35685803538621	-1.35685803538621	-1.35685803538621
XM_039307205.1	-1.8537008616105	-0.830800459500425	-1.8537008616105	1.48000909273677	1.82324349749641	1.23494959248825
XM_010064910.3	-2.22448617685667	-2.22448617685667	-2.22448617685667	2.28628590163605	2.38916333848858	1.99800929044538
XM_010034631.3	-1.28614449568558	-1.28614449568558	-1.28614449568558	1.65289397394655	0.660212075948058	1.54532743716212
XM_039305908.1	-0.807491024506711	-0.807491024506711	-0.807491024506711	0.874183117286122	0.710540468095458	0.837749488138554
XM_039302794.1	-1.1579993057112	-1.1579993057112	-1.1579993057112	1.24335810417908	1.07220370765522	1.1584361052993
XM_010049928.3	-1.26467929262648	-1.2730518662356	-0.301405863517453	1.09453886943041	0.884398923910227	0.860199229038896
XM_039310859.1	-1.0232833990897	-1.0232833990897	-1.0232833990897	1.70136687264327	0.467286731356503	0.901196593269324
XM_010063097.3	1.44023067116046	1.2831339909213	1.3466309973913	-1.50832502832114	-1.2437873020306	-1.31788332912133
XM_010039636.3	-1.21807901504872	-1.21807901504872	-1.21807901504872	0.647839799503491	1.56935344946815	1.43704379617453
XM_010060483.3	-1.40964224973375	-1.40964224973375	-1.40964224973375	1.8695318587553	1.2307473103212	1.12864758012474
XM_039315804.1	0.355226280206496	1.73932127076717	1.72037108183457	-1.52055378286199	-0.773811067084256	-1.52055378286199
XM_010027227.3	-1.48829637097152	-1.48829637097152	-1.48829637097152	1.49373889038642	1.22847508544671	1.74267513708142
XM_010071465.3	0.992530735809048	0.690574182636624	0.845862578287992	-0.842989165577888	-0.842989165577888	-0.842989165577888
XM_018861488.2	-1.27177264722994	-1.27177264722994	-1.27177264722994	1.13449189338075	1.534138857958	1.14668719035106
XM_018876946.2	1.6168896252062	1.18998577695065	1.17196930010665	-1.32628156742117	-1.32628156742117	-1.32628156742117
XM_010071636.3	-1.36850843074606	-1.36850843074606	-1.36850843074606	1.15404956212438	1.86844332784202	1.08303240227177
